 1	0.10e-13
 2	0.11e-13
 3	0.12e-13
 4	0.13e-13
 5	0.14e-13
 6	0.15e-13
 7	0.16e-13
 8	0.17e-13
 9	0.18e-13
10	0.19e-13
11	0.20e-13
12	0.21e-13
13	0.22e-13
14	0.23e-13
15	0.24e-13
16	0.25e-13
17	0.26e-13
18	0.27e-13
19	0.28e-13
20	0.29e-13
21	0.30e-13
22	0.31e-13
23	0.32e-13
24	0.33e-13
25	0.34e-13
26	0.35e-13
27	0.36e-13
28	0.37e-13
29	0.38e-13
30	0.39e-13
31	-0.10e-13
32	-0.11e-13
33	-0.12e-13
34	-0.13e-13
35	-0.14e-13
36	-0.15e-13
37	-0.16e-13
38	-0.17e-13
39	-0.18e-13
40	-0.19e-13
41	-0.20e-13
42	-0.21e-13
43	-0.22e-13
44	-0.23e-13
45	-0.24e-13
46	-0.25e-13
47	-0.26e-13
48	-0.27e-13
49	-0.28e-13
50	-0.29e-13
51	-0.30e-13
52	-0.31e-13
53	-0.32e-13
54	-0.33e-13
55	-0.34e-13
56	-0.35e-13
57	-0.36e-13
58	-0.37e-13
59	-0.38e-13
60	-0.39e-13
