0.8375875
1.029921
1.110401
1.067439
0.9364563
0.984154
1.007387
0.9164873
0.8976257
0.909389
0.8849823
0.9841667
1.038306
0.9506022
0.8726474
0.9129447
1.133461
1.039147
0.8797834
1.035914
0.8538352
0.8840463
1.096362
1.029391
0.7986114
1.220616
0.9711232
0.9680701
0.914979
0.9079041
1.278036
0.8669351
0.9282423
1.1399
1.125985
0.8855684
0.9089031
0.9968894
0.9905298
1.103701
0.8744557
1.051732
1.081689
1.077048
0.9541194
0.945304
0.9325408
0.9700584
0.8715377
0.915747
0.8983501
1.000828
1.045756
0.9500052
0.8915746
0.8691849
1.134259
1.011346
0.9087395
1.018296
0.86376
0.9020456
1.105408
1.038723
0.8271248
1.199943
0.9832783
0.9576656
0.9513947
0.9180857
1.286155
0.8628535
0.9152587
1.095046
1.078781
0.8920268
0.9251861
1.023627
0.9960076
1.081875
0.9434484
1.065769
0.9854803
1.036294
0.9726086
1.041548
0.9071253
1.033201
0.8745052
1.025775
0.9673842
0.9473334
1.114012
1.039184
0.9270552
0.8774771
1.04209
1.032013
0.9834431
1.022282
0.9558887
1.00443
1.182751
1.170084
0.9121886
1.153073
1.123533
0.9730142
1.022502
1.118306
1.418016
0.9790569
0.8964857
0.9809836
1.032163
1.048726
1.071773
1.171867
1.059906
1.062718
0.9109875
1.079859
1.011499
1.01391
0.9468647
1.088887
0.9372124
0.9742362
0.9098125
1.01659
0.9767141
0.9335495
1.131815
1.053471
0.9124305
0.9134117
0.9699381
1.025433
1.009382
1.016961
1.00072
1.029303
1.250474
1.228272
0.9215552
1.081569
1.135922
1.002343
1.024272
1.164939
1.535385
1.013223
0.8937158
0.9930544
1.033282
1.102425
1.074609
1.223522
1.074027
1.049105
0.7025428
0.7743003
0.9099011
1.470842
1.12272
1.195318
0.758433
1.021932
0.6700524
0.649255
0.7862897
0.8370218
0.8334386
1.04534
0.8762435
0.8783098
1.170762
0.8051395
0.8986042
1.085571
0.9641809
0.9236596
0.7269565
0.7937402
0.7216254
1.494894
0.726779
1.008157
0.7294776
1.042212
1.009671
1.068589
1.182648
0.7249522
1.615807
1.040509
0.8019411
0.6913849
1.395309
1.186926
1.101853
0.8722923
1.199998
0.8955086
0.8816981
0.9961622
0.8948388
0.8946227
1.057214
0.857487
0.9836437
0.8084176
1.084773
1.105395
0.8623323
0.9327185
1.120335
0.9521208
0.9183747
0.9221901
1.079955
0.9634171
1.242934
1.025088
1.063849
0.9100909
1.046019
1.090285
1.089026
0.9240369
1.088823
0.8386801
0.8227516
0.939152
1.174997
0.9427561
0.939604
0.9594603
0.9253754
0.8539102
1.097866
0.8730246
1.160369
0.8956812
0.8871944
1.010201
0.9057517
0.8675172
1.043721
0.8717835
0.9849395
0.8479583
1.066389
1.076239
0.8632543
0.9112948
1.087494
0.9589564
0.9280998
0.9450402
1.084156
0.9501861
1.248923
1.01029
1.033792
0.9370294
1.061166
1.076197
1.095026
0.9395013
1.123689
0.8437381
0.8194559
0.9298062
1.153037
0.9530731
0.9571102
0.9779789
0.9443724
0.8684404
1.067951
0.9724131
1.052682
0.9550291
1.020386
1.003831
1.071909
0.9517612
0.9536667
0.9543447
0.9948413
0.9220139
1.102721
0.9644925
0.9284087
0.9633783
1.019352
0.9927498
0.9811473
0.9718996
1.132724
1.038622
1.192147
0.9768536
1.04411
1.082847
1.038191
1.06693
1.156481
1.025904
1.153422
0.9552722
0.9109898
0.9754859
1.001557
1.01832
1.048191
1.005427
0.999164
1.021979
0.9974328
1.031229
1.096212
1.00931
0.9957302
1.054379
1.025779
0.9925056
0.9926204
1.016596
1.010383
0.9816602
1.181284
1.010747
0.9951558
0.9842833
1.010761
1.016891
1.025192
1.0131
1.114135
1.013854
1.197354
1.049344
1.003467
1.035396
1.121493
1.042566
1.050037
1.089934
1.208995
1.009397
0.9545672
1.025622
1.016931
1.048305
1.046564
1.06881
1.061185
1.043902
1.308892
0.8250501
0.7690324
0.9845062
1.202487
0.6993551
1.513498
0.8322975
0.8705323
0.9218278
1.112293
0.6347922
0.7036604
0.9914234
0.6499429
0.611036
1.048701
0.9726198
1.056552
0.6621417
1.747043
1.011702
1.230281
1.040203
1.203608
1.126718
0.6463545
1.055118
1.474945
0.8565042
0.941469
0.853006
0.7728536
0.7711061
0.8913694
0.8943686
1.017446
0.7614032
0.6521747
0.8581212
0.9382486
1.037549
1.389292
0.9444798
0.8973026
0.9602983
0.9071583
0.8923895
0.8593264
0.8704958
0.896721
0.895404
1.370369
0.9995567
0.9717088
0.8398942
0.9020178
0.8963544
0.9547065
0.9036607
1.35551
0.9516293
1.313374
0.9702619
0.9308549
0.8593042
1.247155
0.959264
0.9044545
0.9570383
1.07865
0.8826016
0.7969809
0.9280945
0.979391
0.9279488
0.8889703
0.965786
0.9382063
0.9041801
0.9585549
1.025196
1.358095
0.9324044
0.9060639
0.9775359
0.9023131
0.8864008
0.8718264
0.8854049
0.9125642
0.8972738
1.311912
1.008657
0.9689503
0.846968
0.9097624
0.9167979
0.9546786
0.9240149
1.30072
0.9417064
1.292731
0.9747434
0.9598584
0.8750628
1.23775
0.9774668
0.9181997
0.962076
1.095223
0.8742687
0.8010055
0.9129897
1.006477
0.9419248
0.8902975
0.9841474
0.9356055
0.900748
0.9986681
1.031757
1.244735
0.9439299
0.9703947
0.9870297
0.9680129
0.9847243
0.9776027
0.9202042
0.9885371
0.9232583
1.248154
1.002776
0.9602824
0.9447365
0.9719407
0.971788
1.009115
0.9446213
1.14866
0.960838
1.18571
1.085558
1.051642
0.9545441
1.078904
0.9864374
1.005643
0.9801623
1.046359
0.9386854
0.8966526
0.9744331
1.049721
0.9660297
0.9587315
1.010803
1.004225
0.9711575
1.011903
1.038031
1.157881
1.003738
1.002389
1.031524
1.013061
1.013558
0.9942784
0.9884895
1.019963
0.9983175
1.225478
1.032303
0.9932199
0.9768958
0.9946249
1.010587
1.031334
0.9950661
1.142524
0.9826981
1.171916
1.04183
1.023095
1.017945
1.113433
0.9985002
1.016326
1.039725
1.083967
1.005378
0.9525513
1.027484
1.031615
1.020467
1.014313
1.052708
1.039552
1.023064
0.8174927
1.157268
1.163256
0.7074873
0.7890921
0.7512715
0.8110088
0.7739838
0.975587
0.7398645
0.9806052
1.036197
1.208959
1.39988
0.9328961
1.000157
0.9742331
0.833238
0.9475953
0.8573116
1.140183
1.040102
1.344844
1.416013
1.364934
0.7403971
0.9528768
0.8402232
0.9010336
0.7748479
0.91364
0.625107
1.00228
0.8271509
1.20625
0.7591216
0.8539932
1.191292
1.053895
0.8691605
0.9771938
0.9353971
1.175736
0.9291022
0.9455417
0.9422449
1.030097
0.9597976
0.9892095
0.9181801
0.9591445
0.8808087
1.369336
0.9749371
0.9225987
0.8736117
0.8507379
0.9820794
1.047475
0.9485376
1.133076
0.911857
1.083363
0.9675766
0.9435183
0.9241609
1.080581
0.932717
1.007537
1.079354
0.9751689
0.9283035
0.982234
1.022369
0.9311617
0.950785
0.9596887
0.9226633
1.059949
0.9170655
0.9641008
0.9341888
1.146396
0.9343417
0.9651689
0.9611385
1.035977
0.9818741
0.9769432
0.9115179
0.9580693
0.883732
1.314612
0.9755
0.9232079
0.8742504
0.8547848
0.9789419
1.059159
0.9612356
1.110259
0.9286899
1.073324
0.9683312
0.9807596
0.921576
1.078931
0.9421941
0.9897344
1.06626
0.9835817
0.942931
0.9940397
1.039044
0.93321
0.9593338
0.9426584
0.920277
1.072549
0.9146658
0.9780071
1.003111
1.155136
0.9541353
0.9649251
0.9678885
1.037258
0.971295
0.9631489
0.9471734
0.9872844
0.9460613
1.247159
1.004618
0.9673408
0.9387429
0.9128143
0.9664772
1.026331
0.9713414
1.14738
0.9357169
1.089168
0.9685897
0.9875581
0.9488785
1.059097
0.9503027
1.015981
1.042999
0.9798425
0.9715845
0.9421142
0.9995183
0.9812881
0.962697
0.9574106
0.9790953
1.021237
0.9602333
1.014717
1.020074
1.131747
0.9963346
1.004504
1.019044
1.03737
1.000911
0.9953234
0.9981092
1.033229
1.000633
1.215017
1.017654
1.014567
0.9983842
0.9856066
1.00447
1.043307
0.9974876
1.128805
0.974054
1.102181
1.003107
1.030852
1.00711
1.097319
1.002149
1.030077
1.054749
1.036995
1.012686
0.967214
1.021098
1.025694
1.000448
1.001453
1.032137
1.025935
1.021901
0.8218318
0.9642841
1.062364
0.8952901
0.7791275
1.004277
0.8116029
1.022341
0.9975995
0.7223912
0.8408144
1.167883
1.246066
1.503394
0.9669839
1.195998
0.7668557
0.832764
1.165431
0.8455464
0.9946261
1.114639
0.9269024
0.8429492
0.9133303
0.830195
0.9954716
1.070439
0.8956715
1.345217
0.7320598
0.8306354
0.8795627
1.030091
0.7548882
1.365817
0.7665088
0.7906397
1.191121
0.9072798
0.9279798
0.9932977
1.078526
0.9352417
0.9171268
0.9788217
1.022195
0.9796854
0.9005196
0.9421117
1.002647
0.9044674
1.245898
0.9777252
0.9291605
0.9255731
0.9941006
0.9267371
0.9441215
0.9684638
1.04994
0.960723
1.070607
1.011995
0.9958264
0.935805
1.02366
0.9009992
0.9939892
1.018595
1.072322
0.9265527
0.9269332
0.959111
1.060663
0.9736231
1.003823
0.9632798
1.003505
1.06412
0.9283503
0.9956689
1.068738
0.9365902
0.9295521
0.9715008
1.035174
0.9774998
0.9064007
0.9353605
0.996768
0.9091287
1.23127
0.9891968
0.9377005
0.9228105
0.988405
0.9262869
0.9453488
0.9747184
1.029261
0.9715611
1.057614
1.017516
0.9955522
0.9392619
1.013427
0.9039583
0.9972143
1.017847
1.064699
0.9351571
0.9389945
0.9623161
1.040393
1.004087
1.0229
0.9520839
1.003068
1.049251
0.9521008
1.008244
1.058317
0.9345141
0.9392055
1.016136
0.9925693
0.9859804
0.9355603
0.9270746
1.039213
0.9313412
1.166097
0.9841773
0.9601305
0.9139079
0.9696574
0.9599633
0.9651709
1.006062
1.044515
0.991707
1.024966
1.02915
1.00434
0.9631306
1.02213
0.9213205
1.049441
0.9959993
1.009275
0.9740129
0.9187548
0.9909902
1.025222
0.9637225
0.938593
0.9797893
1.051942
1.008805
1.000025
1.015224
1.089823
0.9890568
0.9934653
1.038993
1.047266
0.9939256
0.9858716
0.9904906
1.037113
0.9988118
1.153914
1.023843
1.023728
0.9819932
1.001528
1.009872
1.01502
1.013392
1.076201
1.000915
1.047828
1.029058
1.038582
1.011781
1.059976
0.9844086
1.039645
1.042272
1.027848
1.019908
0.9683438
1.019667
1.041909
1.003517
0.9937668
1.023099
1.040876
1.028023
0.9432403
0.9221203
1.063776
0.8600676
0.8069711
0.9779176
1.204738
1.110093
0.8012581
0.8820096
1.07733
0.7594057
1.154203
1.281343
0.8808095
1.09324
0.9504893
1.298524
0.8027777
0.8952955
0.9225756
0.9595239
1.010449
0.9748741
0.9897816
0.9958058
1.085235
0.9393232
0.8962983
0.9405272
1.076791
0.937071
0.9605682
0.8588672
1.005713
0.9652449
1.002949
0.8815746
0.899065
1.124394
0.9618668
0.9794297
1.088543
1.008708
0.9330502
0.9890727
1.026401
0.9063079
0.9272956
0.9448319
0.9771036
0.943015
1.184669
0.976485
1.060207
0.9605997
0.951945
0.9859498
0.9827029
0.9400074
1.0313
0.9592324
1.019809
1.003326
0.9590094
0.9366075
1.016264
0.9405993
0.9738637
1.020519
0.9927341
0.9531602
0.9529507
0.9821142
1.01005
0.9659534
1.04254
0.9821186
0.9647614
1.012036
0.9504804
0.9798084
1.078651
1.006484
0.9365448
0.9824121
1.048438
0.9195432
0.9303116
0.9416031
0.9772637
0.948603
1.164198
0.9860269
1.050837
0.9581512
0.9651704
0.9831716
0.9879451
0.9428814
1.025428
0.9619252
1.012312
0.9917377
0.9620099
0.9326218
1.007111
0.9550984
0.9649342
1.014349
1.01132
0.9538581
0.9567374
0.9791901
1.002746
0.9752278
1.043078
0.9764071
0.9643458
1.025193
0.9692578
1.011232
1.06672
0.9912577
0.9427369
1.005345
1.018256
0.9490802
0.9383856
0.9500823
0.9851288
0.9503766
1.127199
0.985131
0.9663963
0.9623756
0.9753386
0.9763025
0.9702466
0.9807935
1.020719
0.9652702
1.017635
0.9914164
0.9762198
0.9573726
1.01494
0.941088
0.9859964
1.005182
1.026553
0.9626907
0.9312701
0.9753509
1.028023
0.9612086
1.009249
0.9901551
1.001845
1.033757
1.002753
1.027407
1.080015
1.015386
0.9869844
1.033032
1.036503
0.972747
0.9871281
0.9921748
1.010411
0.999604
1.117763
1.019806
1.009057
1.00482
1.005203
1.021531
1.01584
1.002873
1.048022
0.9945893
1.039792
1.018819
1.01435
1.006786
1.046324
0.9869803
1.009695
1.035503
1.032097
1.006727
0.9714043
1.014099
1.038497
1.00526
1.021181
1.023967
1.023076
1.035135
1.094206
0.9681125
1.065606
1.282802
0.8550183
0.9214959
1.07919
0.8754789
0.8879202
0.8521283
0.8907982
0.8856148
1.029157
1.123603
1.124847
1.165218
1.01318
0.9635836
1.094777
0.8763148
0.9755324
0.988043
0.9506502
0.9477286
0.8495134
0.8897681
1.08664
0.8704687
0.9259844
0.8944875
0.9277622
0.9113387
1.24132
0.9060835
0.9943725
0.8756849
1.169785
0.9847613
0.8480555
0.9533885
0.9668662
1.000349
1.048743
1.035419
0.9551664
0.9971724
1.002922
1.005296
0.9705977
0.9661081
0.9634309
0.9676196
1.100865
0.9845867
1.011944
0.9611742
0.9526726
0.9788082
0.9909079
0.9762645
1.0331
0.9553217
0.9740518
0.9660417
0.9747649
0.9644588
0.9880453
0.9647215
1.017237
0.9944319
0.9635023
0.9884273
0.966632
0.9686452
0.9870983
1.014245
0.9912906
0.9666544
0.9626692
1.000775
0.9722971
0.9980468
1.028001
1.03524
0.9574503
0.994619
1.008581
1.009305
0.9685723
0.9638867
0.9771203
0.968295
1.097031
0.9871417
1.022089
0.9844903
0.9543609
0.9640403
0.9780321
0.9764227
1.019484
0.9473902
0.9796096
0.9629911
0.981769
0.9648051
0.9890108
0.9652534
1.00596
1.000813
0.9683666
0.9843686
0.9588712
0.9659579
0.9855682
1.011223
1.003349
0.9673699
0.9736574
1.000295
0.9802454
1.002563
1.049255
1.014644
0.9607606
1.002461
0.9911914
0.9562814
0.9560053
0.9669697
0.9821352
0.9681591
1.088478
1.005014
1.010187
0.9739634
0.9685258
0.9882098
0.9866894
0.964274
1.007881
0.9594107
0.9908256
0.9786121
0.9803622
0.9574152
0.9937176
0.9626368
0.9973912
0.9966939
0.9912602
0.9819913
0.9481907
0.9717544
1.000609
0.9853307
0.9984958
0.9835105
0.9875104
1.023971
1.009226
1.024718
1.058252
1.038656
0.9970709
1.026845
1.020184
0.9831301
0.9948755
1.000067
1.007247
1.00121
1.087206
1.019266
1.019354
1.006406
0.9959037
1.021206
1.011028
0.987715
1.02898
0.9953366
1.018902
1.004662
1.016523
0.9961306
1.017562
0.9962523
1.017241
1.0279
1.00622
1.009359
0.9794605
1.008601
1.018295
1.01898
1.014833
1.012539
1.007542
1.026574
1.025081
1.010793
1.030057
1.228259
0.9521261
0.9110793
0.9640614
1.119112
0.9568325
0.9031818
0.9220664
0.914115
1.044351
0.9658394
0.9272276
1.137078
0.9920434
0.9267362
0.9799697
0.9964103
1.0462
0.8966698
0.946031
0.8588457
0.9271874
0.9471189
0.9547132
0.9087232
1.003347
0.9921437
0.9142143
0.9725611
1.054751
0.9260917
1.022281
1.060075
1.127086
0.9868947
0.9956282
0.9366829
0.9760844
1.017151
1.022334
1.042187
0.9594367
1.007862
0.9843149
0.9836521
0.9919474
0.9897472
1.001064
0.9636722
1.007826
1.011405
0.9918815
1.00272
0.9867466
0.9709007
0.9365574
0.9539893
0.9805008
1.009547
0.9717759
0.9453688
0.980104
0.9770327
0.9414318
0.9493234
1.01291
0.9888703
0.9568475
0.9671802
0.9608584
0.9737801
1.013519
1.102914
1.00281
0.9871773
0.9510497
1.003226
0.9750726
1.014243
1.01025
1.049813
0.9589263
0.9984034
0.9873444
1.001423
0.9800335
0.9945716
0.999186
0.9649709
0.9985629
1.012893
0.9896967
1.019057
0.99889
0.9731573
0.9307823
0.9595074
0.9737671
1.000158
0.9789742
0.950837
0.9823136
0.9855741
0.9443406
0.9454805
1.012088
0.986757
0.9553459
0.9682971
0.9503544
0.9790127
0.9988776
1.089152
1.005799
1.005022
0.952552
0.9976819
0.9897121
1.020288
1.030874
1.014492
0.9628087
0.9952397
0.9720531
0.9738999
0.9774934
0.9834036
0.985925
0.9787883
1.047325
0.997157
0.9844504
0.9837679
0.9884802
0.9764482
0.9627096
0.9679503
0.9895827
0.9754365
0.9871297
0.9601047
0.9782828
0.9702221
0.9663066
0.9572086
1.013646
0.9960037
0.978524
0.9678503
0.9520525
0.9722806
0.9980267
1.061538
0.9976068
0.9950752
0.9766888
1.02016
1.023917
1.027918
1.042014
1.042143
0.9933346
1.017708
1.002831
0.9962111
1.007507
1.014679
1.012059
0.9989737
1.055338
1.017398
1.008972
1.002836
1.005147
1.006695
0.9892297
0.9878872
1.006009
0.9948007
1.008637
0.9843943
1.010767
1.006575
0.9950128
0.9918578
1.028102
1.017781
0.997004
1.00262
0.9809005
1.002533
1.015618
1.070295
1.014037
1.019638
0.9983397
1.021895
0.9586982
0.9698724
1.136737
1.09402
0.8751183
1.017279
0.9548274
0.9424635
0.9272132
0.9233596
1.003813
0.9114397
0.994885
1.005975
0.9668873
1.098238
0.9669185
0.9259354
0.9468914
0.9649691
1.060711
1.31659
0.9272887
0.9086124
0.9463843
1.053907
0.9163415
0.9091321
0.9470705
1.019706
0.8772666
1.024986
0.9464698
0.9113328
1.046868
1.088832
1.002057
0.9424905
0.9612397
0.9690543
1.057135
0.9887096
0.9861422
1.064926
0.9616352
1.015514
0.9669277
1.008742
1.049007
1.006252
0.9925983
0.9445469
0.9830714
0.990698
0.9696589
1.023729
0.9601257
0.9854288
0.9296296
0.9483839
0.9423816
0.9342762
0.9669552
0.9487963
1.003166
0.9705479
0.9387285
0.9197825
0.9970613
1.005234
0.9333853
0.9906182
0.9525005
0.9403823
1.02109
1.162864
0.9966925
1.034417
0.9588766
1.004127
1.03421
0.9918159
0.9812856
1.063535
0.9589142
1.013689
0.9857628
1.019778
1.046678
0.9988512
0.9878837
0.9317643
0.9640044
0.999261
0.9797239
1.044905
0.9705685
0.9902299
0.921217
0.9539051
0.9412247
0.9266244
0.9632212
0.9592612
0.9968657
0.9852059
0.9414819
0.9220961
1.000955
1.007219
0.9288663
0.9953321
0.9661117
0.9470655
1.003369
1.146178
0.9960095
1.027297
0.9628861
1.003446
1.019775
1.014149
1.012598
1.01257
0.9557819
0.9983721
0.9678135
0.9763793
1.011096
0.9853525
0.9907819
0.974202
1.027296
0.9896031
0.9613277
1.000823
0.9846621
0.9838884
0.9563919
0.9826927
0.9749609
0.9703716
0.9825016
0.9504372
0.9779165
0.9663589
0.9559985
0.9478097
0.9999771
1.007217
0.9684069
0.9870846
0.9631882
0.9608894
1.008164
1.093609
0.998912
1.006707
0.9637694
1.007821
1.043355
1.020358
1.028987
1.032238
0.9846331
1.019927
0.9948127
0.9994957
1.028422
1.013812
1.005569
0.9941289
1.034886
1.012406
0.9913223
1.010967
1.010441
1.013194
0.9792815
0.9996556
0.9929535
0.9820474
1.000937
0.9726051
1.002693
1.002868
0.9890987
0.9797097
1.00494
1.021202
0.9923759
1.014127
0.9853413
0.9887913
1.032131
1.103256
1.011634
1.027834
0.9854395
1.019691
0.9759358
0.9848074
1.079735
1.045259
0.9409821
1.042865
0.9469379
0.9640784
1.000032
1.014417
0.9816559
0.9514825
1.016204
0.9482591
1.023434
1.034902
0.9062597
0.953263
0.8995843
0.962088
0.9932603
0.9021611
1.000786
0.941668
0.9702289
0.9399898
0.8870345
1.038234
0.9996222
1.038584
0.9485465
0.9590308
0.9625924
0.866406
1.05569
1.17996
1.001482
1.012807
1.053769
1.003736
1.057163
0.9741924
0.969943
1.029969
0.9552727
1.068713
0.9796054
1.031052
1.098334
1.032866
0.9702841
0.9130489
0.9771125
0.9775479
0.9411394
1.030833
0.9724192
1.03556
0.9270129
0.9735183
0.9241499
0.9073398
0.9442133
0.9914061
0.9824464
0.9613303
0.9417177
0.9403731
0.9734354
0.997143
0.9201091
1.038055
0.9322504
0.9458752
1.005645
1.16747
1.010791
0.9962943
0.9711531
0.9737561
1.050689
0.9776011
0.96426
1.040374
0.9513273
1.082474
0.9940263
1.033458
1.083057
1.036917
0.9687896
0.9074162
0.9501287
0.9787058
0.9586468
1.056741
0.9653434
1.041138
0.9294089
0.9750512
0.9152019
0.9001212
0.9449939
1.005886
0.9864165
0.9708019
0.9384975
0.9223306
0.9740174
0.9821321
0.9179295
1.052273
0.9404767
0.9431433
1.004236
1.147233
0.9990392
0.9912975
0.976665
0.9808506
1.039144
1.004635
1.009798
0.9955478
0.9570468
1.026017
0.9634924
0.9882476
1.042991
1.00265
0.9950086
0.9726496
1.017374
0.9902071
0.94811
1.001772
0.9722393
0.9961364
0.9469218
0.9839356
0.9689434
0.9413193
0.9727454
0.9625525
0.9808326
0.9554698
0.9545237
0.958593
0.9771173
1.012046
0.9543951
1.014565
0.9585723
0.9581749
0.9991777
1.090602
1.001381
1.005471
0.9848559
0.9843634
1.050667
1.013257
1.021893
1.0152
0.9829306
1.041213
0.9891862
1.006622
1.047783
1.023918
1.004377
0.9858074
1.029647
1.008415
0.979294
1.022373
0.9931465
1.019145
0.9662707
1.004648
0.9900582
0.9601592
0.9934745
0.9872546
1.002331
0.9936684
0.9843467
0.9786789
0.9880965
1.023348
0.97834
1.033874
0.9804663
0.9864283
1.021395
1.09435
1.01289
1.022459
0.9958159
1.005091
0.970134
0.9879884
1.322169
1.125273
0.9429318
1.359348
0.9273943
1.054512
0.9747189
0.9525474
0.9465641
0.8256324
1.007358
0.994047
0.8719541
1.018745
0.8558613
0.9798232
0.8364754
0.8801793
0.9171239
0.8362663
0.921602
1.168771
1.120798
0.9064232
0.8491963
0.8960977
0.9102202
1.032801
0.854141
1.037978
0.9026935
0.8809435
0.8856121
1.3014
1.003916
0.9401059
1.045314
0.9180685
1.080985
0.9694873
0.9654391
1.028726
0.9550916
1.072955
0.9882383
1.015422
1.101806
1.079006
0.9733974
0.9238408
0.9621682
0.9904587
0.9332028
1.003473
1.027766
1.011734
0.9349546
0.9979346
0.9448645
0.9068033
0.9324588
1.029174
0.9946482
0.9469526
0.9239077
0.9476945
0.9721903
0.9734688
0.9282185
0.9770581
0.9286569
0.9407799
0.990927
1.13137
1.024704
0.9914756
0.9652839
0.9753276
1.064869
0.9737799
0.9560717
1.030729
0.9523377
1.099207
0.9996175
1.033783
1.119344
1.070359
0.9701743
0.9133655
0.9347435
0.990912
0.9442462
1.038932
1.010436
1.016616
0.9415228
0.9985369
0.9211848
0.8879455
0.9282188
1.035334
0.9999723
0.9644665
0.9181389
0.939858
0.9799585
0.9562537
0.9172009
0.9844322
0.9323228
0.9340196
0.9803491
1.138596
1.001679
0.9966226
0.9733318
0.9818076
1.037483
0.9997898
1.006981
1.005168
0.957818
1.033349
0.9707716
0.9963629
1.053587
1.012843
0.9930376
0.9675802
0.9996555
1.003724
0.9498334
0.9921086
0.9888077
0.9941713
0.9440244
0.9855886
0.9638106
0.9366577
0.9622488
0.9910102
0.9804015
0.96797
0.9452425
0.9671401
0.965385
1.001906
0.9545082
0.9840832
0.9553249
0.9568679
0.9938051
1.079699
1.00887
1.007817
1.000069
0.9714382
1.050552
1.011534
1.012974
1.011986
0.9761646
1.048251
0.9951864
1.011368
1.053842
1.022979
1.004776
0.985158
1.014387
1.019577
0.9837259
1.019105
1.000887
1.019414
0.9545176
1.005697
0.9913725
0.9597585
0.9835648
1.015445
1.000873
1.009122
0.9731932
0.9851898
0.97658
1.022053
0.9769118
1.011561
0.9714764
0.9938042
1.010512
1.086232
1.020633
1.022787
1.005668
0.991226
0.9900301
1.040662
1.096057
0.9613012
1.007372
1.060724
1.00548
0.9450092
1.055583
1.177937
0.9841084
0.8342682
0.916441
1.053205
0.9217324
0.9814857
1.28075
0.97611
0.8723001
1.071432
0.876962
0.8604609
0.8509246
0.9470726
1.014045
0.8561726
0.8627245
0.9371449
0.9693072
0.9762119
0.8916383
0.8967936
0.8298528
0.9542794
1.070951
1.230917
1.008879
0.9833689
0.9659417
1.07303
1.108346
0.9365006
0.9643561
0.9354755
0.9229693
1.090193
1.001014
0.9958573
1.131693
1.048868
0.9849463
0.958295
0.9709734
0.9925994
0.9894177
0.9694487
0.9945781
0.9910565
0.9436841
1.01083
0.9995425
0.9435449
0.9402165
1.05749
0.97802
0.9456357
0.9110785
0.9848325
0.9334064
0.995147
0.9506345
0.954124
0.9134635
0.9534109
0.9847625
1.077713
1.034817
0.9746405
1.003947
0.9663566
1.095032
0.936734
0.9522734
0.9349604
0.9225296
1.122318
1.009184
1.011026
1.160009
1.043444
0.9828877
0.9507755
0.9392883
0.9914136
0.9853569
0.9853479
0.9868796
0.9992985
0.9435492
1.004156
0.9746923
0.9355229
0.9430503
1.071213
0.9705499
0.9594848
0.9057446
0.9735225
0.9389282
0.9791228
0.9560336
0.958783
0.9210515
0.9735371
0.9653183
1.083387
1.028925
0.9658554
1.004302
0.9695923
1.049192
0.9840251
1.005037
0.9756003
0.9560246
1.036226
0.9753934
0.9962754
1.034335
1.006773
0.9944465
0.9719912
0.9915625
1.010053
0.9663363
0.9783259
1.00344
0.9842215
0.957921
0.9996636
0.9772005
0.9488697
0.9543651
1.01291
0.9774743
0.9763901
0.9382043
0.9718466
0.9561864
1.010764
0.9615701
0.9628054
0.9457967
0.9610972
1.004288
1.050871
1.026655
1.004571
0.9917826
0.9787112
1.059387
1.006876
1.005685
0.9865477
0.9766132
1.059073
0.9918141
1.011674
1.053544
1.017489
1.00344
0.9864194
1.009652
1.030726
0.9885329
1.005015
1.015671
1.010417
0.9649624
1.008755
1.005527
0.9682321
0.9820102
1.035131
1.002354
1.008888
0.964049
0.9875845
0.9665667
1.0272
0.9848262
0.9913243
0.9684963
0.9708466
1.011901
1.06576
1.037062
1.026806
1.004352
0.9914829
1.059296
0.8485353
0.9740025
0.8995672
0.8223465
1.034531
0.9423432
0.9485424
1.052417
1.055539
0.9727193
0.9652851
0.9962487
1.108321
1.036717
0.9760972
0.9384977
0.9896321
0.9263275
1.03928
0.9424368
1.082968
0.9251366
1.017996
1.000569
0.9630866
1.008202
0.9194698
0.8108333
1.14544
0.9855797
0.9140201
0.8547717
0.9007498
1.033528
1.125185
1.076926
0.9802993
0.9820945
1.112347
1.136937
0.9510577
0.9622212
0.9385372
0.9277149
1.080411
0.9976526
0.9979354
1.087294
1.012639
0.986349
0.9431034
1.013524
0.9982771
0.9974748
0.9582893
0.9823335
0.993756
0.9292317
0.9907622
1.002187
0.9391183
0.9544566
1.082381
1.00016
0.9589784
0.9350256
0.9534368
0.950565
0.9838234
0.9538485
0.9185969
0.8973095
0.9531956
0.980953
1.061166
1.050649
0.9882376
0.9938913
1.002193
1.123392
0.9342018
0.9666662
0.9201763
0.9217935
1.099223
1.006574
1.016104
1.148264
1.006833
0.9872834
0.940297
0.9784867
0.9849254
0.9944396
0.9702078
0.9813103
0.9969257
0.9285979
0.9978855
0.9875345
0.9217915
0.9327464
1.090239
0.988489
0.9647453
0.9213777
0.9581753
0.9285999
0.9874983
0.9728445
0.9202119
0.8966435
0.9717901
0.9889032
1.071947
1.043331
0.9863842
1.007982
0.987116
1.077871
0.9886949
0.9996935
0.9551107
0.9535666
1.035626
0.9762186
0.9776108
1.010513
1.006508
0.9886688
0.972267
0.9965913
1.023383
0.9782541
0.9752353
1.007766
0.9811809
0.9604934
0.9965813
1.002015
0.9560795
0.9544604
1.01474
0.9905471
0.9788001
0.9416128
0.9683758
0.9658251
1.005201
0.9621471
0.9322116
0.9389397
0.9537145
0.9966768
1.03966
1.032378
1.004978
0.9933832
0.9927604
1.080375
1.007138
1.008641
0.9688637
0.9706134
1.054828
0.9940262
0.9899195
1.033822
1.015384
1.000124
0.9897512
1.012857
1.040044
0.9979923
1.003426
1.018848
1.003435
0.9682603
1.007763
1.025583
0.9731485
0.9792437
1.045415
1.010921
1.007298
0.9646027
0.9865769
0.9753254
1.023328
0.9866698
0.9634079
0.9635573
0.9674264
1.00903
1.048359
1.043867
1.027014
1.010868
0.9989318
1.105216
0.9503201
0.9610441
0.926761
0.8229687
1.014636
0.9258806
0.9948413
0.9955079
0.9874192
0.9803057
0.9309122
1.085379
1.018685
0.9945782
1.091534
0.9840918
1.227978
0.905436
0.9761671
1.034407
0.9128574
0.9164645
1.059103
0.9745294
0.9740264
0.9226077
0.8930805
0.8515779
1.046298
0.9277062
0.9312522
0.9008003
0.9048168
1.047941
1.135429
1.106802
1.03334
0.9188393
0.9925538
1.144191
0.9607531
0.9606836
0.9156907
0.9416146
1.057976
0.9930465
0.9965485
1.068347
1.040974
0.957389
0.9491561
1.048211
1.025207
0.9764076
0.9455913
0.9790084
1.010052
0.9126796
0.9592135
1.020577
0.9222811
0.9689956
1.051649
1.005715
0.9632086
0.931619
0.9782459
0.9552923
0.9642701
0.9484022
0.8865815
0.8816873
0.9658351
1.004314
1.061785
1.072722
0.9872625
1.027902
0.9959769
1.145048
0.944734
0.9581226
0.9058702
0.9332145
1.058283
0.9913146
0.9985697
1.095528
1.051022
0.9786837
0.9426997
1.019367
1.011831
0.9780714
0.9504725
0.9710035
1.008641
0.9160241
0.9792474
1.020452
0.916652
0.9530512
1.060457
1.002021
0.9644964
0.9230786
0.9734132
0.9273946
0.9785616
0.9567673
0.8899136
0.8847426
0.9814517
1.010747
1.074125
1.057632
0.9892601
1.032409
0.9982046
1.08625
1.003921
0.993089
0.9458073
0.9584226
1.038321
0.9752306
0.963619
1.0036
1.016264
0.9786715
0.9691094
1.01163
1.031537
0.9822331
0.9782265
0.9963939
0.9896837
0.9535246
0.9847528
0.998773
0.953106
0.9608189
1.008937
0.9991233
0.97738
0.9418647
0.9729679
0.9712018
0.9945282
0.9662543
0.9166149
0.9275875
0.9483371
0.9963858
1.040706
1.041935
1.006564
1.007449
0.9912814
1.094035
1.019353
1.004206
0.9587712
0.974631
1.057725
0.9889643
0.9791854
1.025156
1.017302
0.9860924
0.9880545
1.027988
1.054498
1.003625
1.005238
1.009552
1.011012
0.9668533
0.9952098
1.026191
0.9702294
0.9845434
1.037648
1.015555
1.001663
0.9650805
0.9890435
0.9820191
1.012702
0.989542
0.9529465
0.9538822
0.9655371
1.005441
1.047848
1.047922
1.031626
1.029137
0.9978991
1.196232
0.897131
0.9500854
0.8910577
0.8418541
0.9807393
1.085125
1.006811
1.002775
1.003822
0.969831
0.9267874
1.063762
1.047775
0.9911476
0.9691567
0.9301756
0.9815644
0.9030084
0.9043185
1.119526
0.8838694
1.008345
0.9987085
0.9988294
0.9480196
0.9513227
0.9910639
0.8431505
0.9486295
0.9350024
0.8871162
0.8680648
0.9273772
1.160096
1.190355
1.152498
1.015387
1.006851
0.9623183
1.133925
1.01224
0.967297
0.9160177
0.9376435
1.034586
0.9734967
0.9757252
1.046404
1.035211
0.9554203
0.9348653
1.038416
1.070202
0.9688695
0.966543
0.9958321
1.011698
0.931702
0.9470636
1.011722
0.9351889
0.9520651
1.029739
1.008139
0.9601158
0.922068
0.9970201
0.9651765
0.954509
0.9397451
0.8843961
0.8842872
0.9774038
1.00979
1.050703
1.092097
1.006584
1.029555
0.9761766
1.113715
0.9864302
0.9736601
0.9261618
0.9278675
1.042088
0.9822327
0.9732592
1.053905
1.058283
0.9724438
0.9394044
1.023882
1.061987
0.9577065
0.9601626
0.9929422
1.001935
0.9176682
0.9619973
1.020806
0.9266198
0.9481712
1.046581
1.003711
0.9681161
0.9172854
0.9907876
0.942836
0.966498
0.9444427
0.8834482
0.8811311
1.001845
1.010403
1.059375
1.084014
1.002513
1.040732
0.9722787
1.09585
1.017611
0.9900717
0.9471514
0.9682292
1.02995
0.9801001
0.9521663
0.9930758
1.01929
0.9786603
0.9745147
1.010663
1.034627
0.9741602
0.9914658
0.9952017
0.9947409
0.9468109
0.9664848
0.9859715
0.9511484
0.957611
1.010721
0.9932243
0.9697611
0.9408976
0.9963592
0.9790301
0.9898707
0.9628776
0.9111242
0.9238973
0.941914
1.008855
1.046613
1.047542
1.002135
1.004059
0.9943379
1.095552
1.025786
1.005935
0.9518645
0.9834814
1.052198
0.9931604
0.9693229
1.017778
1.022576
0.9824187
0.9887683
1.029355
1.056859
0.9971112
1.015073
1.013378
1.015973
0.9659691
0.9845697
1.018525
0.9717724
0.9840797
1.032483
1.010789
0.9985544
0.9595298
1.005981
0.9851419
1.010052
0.9819943
0.9538954
0.9510698
0.9609323
1.009608
1.048366
1.048546
1.027228
1.026678
1.002849
1.164192
0.9859967
0.9555426
0.9388902
0.8850621
0.9819035
0.9760465
0.9200241
0.971698
1.047968
0.902231
0.971215
1.050803
1.107923
0.9806991
0.9557003
1.00202
0.9981548
0.89528
0.9534677
1.101961
0.9622043
0.9571321
1.008346
1.039955
1.015058
0.9679631
0.9975762
0.9166746
0.9532208
0.9122727
0.856815
0.8994904
1.044575
1.00736
1.180676
1.047179
1.007149
0.9759284
0.8993367
1.166176
1.034499
0.9758169
0.9289746
0.9315122
1.021288
0.984804
0.9556732
1.043753
1.032732
0.9534009
0.9305362
1.006622
1.065412
0.9612238
0.9921939
1.020395
1.019236
0.971215
0.9621029
0.9621548
0.9500664
0.9439436
1.051905
1.016767
0.9483411
0.9657269
1.017792
0.974941
0.9384704
0.951568
0.8641697
0.876893
0.9673097
0.9919651
1.014725
1.07803
0.9847137
1.003128
0.9779478
1.162205
1.01527
0.9722268
0.9392533
0.9244345
1.018578
0.9778862
0.9501585
1.048912
1.036575
0.9707572
0.9365808
0.9957412
1.057532
0.9396187
0.9727409
1.022641
1.008032
0.9547675
0.9731848
0.9903722
0.9484324
0.9453411
1.057984
1.021154
0.9659231
0.9587585
1.008997
0.9590722
0.9477862
0.9503366
0.8658005
0.8786861
0.9829381
0.9890272
1.017578
1.084571
0.9824198
1.018642
0.9887009
1.11509
1.035068
0.9956301
0.9400869
0.9553795
1.026747
0.979303
0.9398167
0.9893571
1.021055
0.974795
0.9751599
1.000269
1.047241
0.9716164
1.006655
0.9891129
0.9949506
0.9624547
0.9709167
0.9892899
0.9523596
0.9535518
1.017301
0.9875954
0.9655955
0.9435305
1.001846
0.9757583
0.9932178
0.9588317
0.9025736
0.9216984
0.943298
1.00722
1.036464
1.04637
0.9938821
0.9974448
0.9953431
1.115446
1.033982
1.011254
0.9514552
0.9779552
1.046905
0.989104
0.9619607
1.012619
1.02396
0.9786577
0.9929682
1.021774
1.070031
0.9930072
1.024037
1.012915
1.018374
0.9778782
0.9905034
1.021104
0.9675475
0.980946
1.033484
1.008014
0.9886157
0.9576676
1.013903
0.9863986
1.004908
0.9808602
0.9389283
0.9520085
0.9600401
1.009564
1.044099
1.051299
1.024539
1.016284
1.007232
1.255606
1.128283
0.9068126
0.978658
0.9395627
0.9567753
0.945496
0.883199
0.9721755
1.004259
0.9364397
1.020825
0.9882291
1.160704
0.9158906
1.056093
1.196237
1.007547
0.9922991
1.043031
0.8799115
0.9059923
0.9024356
1.034635
0.9659511
1.007447
0.9989135
1.013061
0.9103838
0.9741731
0.9358945
0.8072551
0.8672333
0.9221559
0.926568
1.00641
1.044043
0.9396737
0.9974173
1.014533
1.180143
1.064073
0.9865664
0.9139023
0.9257954
1.042673
0.9706486
0.9412763
1.030406
1.047946
0.9557632
0.9310232
0.9815707
1.03876
0.9520423
1.03651
1.018711
1.00909
0.9719245
0.9846582
0.9656394
0.9456792
0.937057
1.058052
1.009915
0.9371464
0.9862804
0.9894986
0.9797772
0.9655586
0.9723135
0.8611702
0.8972857
0.9256922
0.9716713
1.021166
1.065209
0.9889796
0.9934776
0.9786369
1.167523
1.049733
0.982347
0.9091101
0.9247108
1.039931
0.9712111
0.9429215
1.025923
1.034102
0.9702587
0.9251375
0.9776362
1.032614
0.9486077
1.01309
1.027408
1.001263
0.9587521
1.003932
0.9969842
0.9458686
0.9445187
1.060185
1.027813
0.962846
0.9762245
0.990402
0.9757442
0.9691679
0.9722176
0.8564904
0.8897789
0.9334032
0.9722865
1.010218
1.072009
0.9794186
1.01244
0.9833691
1.109509
1.027737
0.9974396
0.9422614
0.9535713
1.032082
0.9778907
0.9342476
0.9882468
1.029281
0.9696975
0.9832743
0.9985245
1.048571
0.9722052
1.023612
0.9875867
1.001424
0.9741774
0.9783145
0.9884685
0.9542472
0.9544052
1.017666
0.9808447
0.9612062
0.9525025
0.9993426
0.9773186
0.9849144
0.9544246
0.9034389
0.925777
0.9343125
0.9953946
1.033423
1.044479
0.9983865
0.9923858
0.9916855
1.11549
1.029554
1.016132
0.9511454
0.9780707
1.044371
0.9862533
0.9573735
1.009024
1.027618
0.9770167
0.9987074
1.016914
1.066622
0.9956715
1.043252
1.013894
1.020636
0.9870761
1.000041
1.019629
0.9675395
0.9765893
1.034452
0.9983528
0.9815542
0.97088
1.013521
0.9867987
0.9949704
0.9840954
0.9351417
0.9473653
0.9552518
1.005885
1.042957
1.052823
1.030354
1.014843
1.001804
1.325878
1.15839
1.045922
0.8899399
0.8763341
0.9907525
0.9970476
0.842544
0.9641598
1.058156
0.9138649
0.9384857
0.9671777
1.003788
0.8973461
1.10239
1.054532
0.910391
0.9249622
0.9575763
0.9272459
0.9448464
1.012409
0.9831141
1.000936
0.9180056
0.9373804
1.027306
0.9416775
1.155041
1.028744
0.8157637
0.8707342
0.9223582
0.8897668
1.053626
1.149592
0.9697977
0.9320708
1.004659
1.151114
1.030687
0.9972504
0.9029253
0.9319559
1.054075
0.9639109
0.938989
1.039911
1.052408
0.958743
0.9467322
0.9750902
1.048561
0.950785
1.032766
1.013173
1.04164
0.9708384
0.9840933
0.9923126
0.9407179
0.9377528
1.050194
0.9890606
0.9329405
1.022131
0.9753137
0.9609435
0.9858834
0.9546248
0.8782833
0.9101135
0.9147899
0.9626517
1.020086
1.06423
0.9951411
0.9998473
0.9667544
1.136885
1.022034
0.9887964
0.9017636
0.9364181
1.054038
0.9584396
0.9317375
1.038439
1.046732
0.9688305
0.9359241
0.9755023
1.052846
0.9515015
1.023937
1.006755
1.027486
0.9608567
0.9948952
1.018304
0.9384004
0.9328155
1.059083
1.015854
0.9500971
1.000298
0.9827584
0.9609155
0.9753516
0.9674968
0.8660706
0.9140912
0.9200287
0.9645581
1.016406
1.06451
0.9838757
1.027314
0.9690475
1.107876
1.018705
1.002611
0.9378247
0.9553
1.033535
0.9714601
0.9356365
0.9966053
1.031144
0.9718826
0.9806168
0.9954479
1.043381
0.9746759
1.023023
0.993194
1.013854
0.975082
0.9815602
0.9892679
0.9539904
0.9526659
1.01741
0.9690064
0.9499369
0.954563
0.9978668
0.9717554
0.986781
0.9630079
0.9154556
0.9323583
0.9305968
0.9929376
1.030256
1.03896
0.996888
0.9992942
0.9893555
1.111712
1.021407
1.021684
0.9508705
0.9804354
1.04606
0.9897307
0.9538962
1.014481
1.031467
0.9759004
0.9928579
1.01388
1.061275
0.9936539
1.043672
1.016806
1.032379
0.9900748
1.00137
1.02087
0.9692261
0.9720648
1.035801
0.9923602
0.9757115
0.9733892
1.01571
0.9863071
0.99876
0.9882989
0.942791
0.9516394
0.9501268
1.004025
1.041818
1.044762
1.023836
1.020194
1.005262
1.145811
1.054338
0.9573363
0.8992156
0.9227051
1.194342
0.9957619
0.9184293
1.017014
1.044211
0.9302392
0.975589
0.9527346
1.080805
1.059983
1.067309
0.924148
1.039321
0.925914
0.954439
1.07678
0.9068943
0.8937367
0.943836
0.9547767
0.9014345
1.045638
0.9170947
0.9025952
1.004291
0.9635519
0.8705679
0.9785182
0.8448879
0.9289433
1.120636
1.072274
1.031943
1.023932
0.9280905
1.140628
1.014548
1.008265
0.9075914
0.9428007
1.055649
0.9599433
0.9337144
1.048331
1.023639
0.9545277
0.9401984
0.9616014
1.058841
0.9626163
1.071496
0.9852363
1.031229
0.975817
0.9792905
0.9894689
0.9455538
0.9457462
1.044363
0.962977
0.9378901
0.9705555
0.9844193
0.9637334
0.9805979
0.9763632
0.9094431
0.9321998
0.9168245
0.9743714
1.043333
1.03962
0.9854743
1.018234
0.9702162
1.129609
1.008852
0.9975825
0.9009951
0.9401036
1.060579
0.9607129
0.9311783
1.052056
1.020674
0.9677302
0.9332778
0.9539849
1.058007
0.9654092
1.063023
0.9872553
1.032385
0.9765565
0.975197
1.009576
0.9414955
0.9442557
1.057003
0.9773955
0.9444464
0.9569284
0.9847222
0.9595518
0.9736851
0.9851198
0.8942525
0.9287176
0.923048
0.9729031
1.036594
1.054385
0.9769533
1.04246
0.9658195
1.108297
1.006393
1.007242
0.9324759
0.9643167
1.035894
0.9678299
0.9407452
0.9941026
1.028817
0.9729059
0.9747853
0.9842713
1.035689
0.9694732
1.030932
0.9990692
1.008653
0.9794676
0.9818277
0.9861989
0.9553185
0.95563
1.023144
0.9684328
0.9433122
0.9585994
0.9928817
0.9641712
0.9930499
0.9673712
0.9247509
0.9350916
0.9312795
0.9964088
1.040916
1.041908
0.9963756
0.9928628
0.9851728
1.113108
1.013844
1.028329
0.9471567
0.9853869
1.045799
0.9893037
0.9550946
1.018297
1.027192
0.9793711
0.9853202
1.002402
1.057615
0.9901272
1.04964
1.019403
1.028858
0.9967296
0.9990498
1.01598
0.9664558
0.9756289
1.037378
0.9940509
0.9736617
0.9751159
1.009523
0.9785377
1.003937
0.9903703
0.9520704
0.9518985
0.9518692
1.00597
1.047073
1.04861
1.020934
1.015854
1.001917
1.207466
1.019225
1.006461
0.9621999
0.9393085
1.077822
1.076401
0.9263465
1.01715
0.9303572
0.9496501
0.9277916
0.8722512
1.160921
1.034116
1.085444
0.9584939
0.9902961
1.020818
1.041177
0.9570486
0.8825693
1.029646
0.9865175
0.9587795
0.9073111
0.9304841
0.9928622
0.8795543
1.07378
0.9698027
0.9765202
0.9216922
0.8829355
0.9360633
1.077111
0.9615118
0.9487762
0.9870611
0.9226905
1.118775
1.004845
1.028819
0.9066773
0.9881772
1.058559
0.9520572
0.9286737
1.053299
0.9931558
0.975297
0.9377915
0.9632043
1.02377
0.9613952
1.041231
0.9820338
1.009681
0.9608048
0.9708654
0.9970816
0.9426998
0.940371
1.051136
0.9604729
0.9536479
0.9695581
0.9747505
0.9696734
1.008531
0.9882933
0.9175168
0.9308574
0.927224
1.003496
1.041279
1.037267
0.9647025
0.995418
1.022974
1.124987
0.9989436
1.018802
0.9093793
0.9813994
1.061158
0.9519705
0.9288565
1.057184
0.9945735
0.9751775
0.9334316
0.9574842
1.032239
0.9611093
1.032556
0.9919061
1.014182
0.969164
0.9602454
0.9994728
0.9437816
0.9325005
1.060577
0.9748475
0.953531
0.9525827
0.9832739
0.9682205
0.9955208
0.9852703
0.9081917
0.9275293
0.9310824
1.002514
1.043
1.037362
0.9699678
1.020674
1.008564
1.116696
0.9990152
1.008582
0.9351678
0.9709399
1.040573
0.9713317
0.9434746
1.00194
1.021498
0.9710683
0.9743521
0.9796506
1.028541
0.9727438
1.025103
0.9932954
1.00457
0.9732425
0.9732938
0.9852042
0.9601619
0.9577764
1.024572
0.9615316
0.9457968
0.9629608
0.9864705
0.9631968
1.008827
0.9600499
0.9383049
0.941063
0.9315619
0.992915
1.047317
1.028232
0.9912683
0.9880946
0.9969501
1.116951
1.007419
1.021991
0.9508362
0.9898083
1.046075
0.9880591
0.9589275
1.023614
1.025494
0.9845596
0.9869264
0.9945846
1.051815
0.9881195
1.045117
1.020033
1.021974
0.9933603
0.9920731
1.01353
0.9677044
0.9768552
1.035761
0.9910887
0.9735098
0.9804065
1.004715
0.9799662
1.013925
0.9844438
0.9625992
0.9569719
0.9546334
1.005353
1.052368
1.040511
1.01511
1.01326
1.008527
1.182772
0.9666358
0.9739302
0.9016789
1.018264
1.131792
0.956287
0.9417661
1.0825
0.9419215
0.98876
0.8984793
0.9076913
1.081437
0.980571
1.007803
0.987229
0.9738894
0.948058
0.979795
0.9335425
0.935768
0.9295499
1.040433
1.012733
0.9088188
0.9139618
0.953688
1.068532
1.031636
1.077843
0.8990527
0.8665967
0.9014872
1.027554
1.036056
1.044275
0.9715407
0.9719294
1.025097
1.111106
1.028702
0.9946321
0.8950262
0.963479
1.052971
0.9210161
0.957313
1.015283
0.9914324
0.9840438
0.9399437
0.9760227
1.017547
0.9419069
1.029566
0.9593697
1.034631
0.959212
0.96424
0.9865416
0.9658118
0.9535995
1.02587
0.9839463
0.9393903
0.9815214
0.9651363
0.9989514
1.035075
0.9526774
0.9445894
0.9371007
0.9382291
1.034643
1.036022
1.03739
0.9545705
0.9545704
1.090872
1.113255
1.027743
0.9939649
0.8895281
0.9538322
1.044813
0.9179853
0.9627212
1.028847
0.9836447
0.9734784
0.9359298
0.9827693
1.021272
0.938804
1.030094
0.9661003
1.039207
0.9594291
0.9577894
0.9929845
0.9686712
0.9457203
1.040924
0.986995
0.9452419
0.9608995
0.9569309
0.9957188
1.035555
0.9546834
0.938361
0.9357761
0.9483854
1.023142
1.036804
1.050314
0.9422609
0.9763963
1.093514
1.097978
1.004001
1.005592
0.9318551
0.9763021
1.037238
0.966444
0.9415727
1.00306
1.01705
0.9790559
0.9774119
0.9835104
1.017008
0.9625558
1.026458
0.9888935
1.012985
0.9627293
0.9757983
0.9827824
0.972062
0.9636082
1.020925
0.9721462
0.9429077
0.9764702
0.9781554
0.9679606
1.022128
0.9510276
0.9418383
0.9421865
0.9350945
1.003029
1.046573
1.0224
0.9816459
0.968794
1.020164
1.098294
1.01155
1.018738
0.9465174
1.000003
1.044416
0.9831382
0.9602717
1.016601
1.022483
0.9856567
0.9864451
0.9984443
1.045129
0.9805816
1.045251
1.013402
1.02912
0.9824845
0.9912085
1.011129
0.9798522
0.9779626
1.024977
0.9977235
0.972859
0.9887736
0.996725
0.9893121
1.029469
0.9738528
0.9737592
0.9617835
0.9527684
1.014966
1.050967
1.032704
1.005372
0.9972424
1.036373
1.126549
1.047355
0.9642797
0.9007693
0.9397733
1.10949
0.9151869
0.9335952
1.00832
0.9252195
0.9387526
0.9110582
0.9535016
1.027893
0.9608106
1.023047
0.9788912
1.088244
0.9465799
0.9544213
0.8953394
0.992038
1.060339
1.024105
0.9511921
0.9209898
0.9139085
1.008436
0.91812
1.146165
0.9581192
1.045597
0.9284001
0.8739021
1.037611
1.048215
1.088384
0.9798849
0.9239108
1.033785
1.092221
1.007183
0.9806417
0.8858879
0.9341422
1.041791
0.9325622
0.9450999
1.019645
0.9916378
0.9565187
0.9658656
1.009684
1.012628
0.9672458
1.029679
0.9239161
1.000456
0.9418291
0.9825842
1.031603
0.9883516
0.9531738
0.9962712
1.012319
0.9668292
1.024515
0.9417041
1.010846
1.015758
0.9459766
0.9597279
0.9503384
0.9478441
1.066034
1.032726
1.001987
0.9582095
0.9455485
1.085399
1.079378
1.002903
0.9912726
0.8871919
0.9309736
1.052243
0.9303861
0.9413887
1.038785
0.9773518
0.9565808
0.9713287
1.017448
1.00806
0.9545153
1.026578
0.930599
1.004066
0.9486301
0.962063
1.054282
0.990833
0.956805
0.9956902
1.001083
0.9603156
1.00232
0.9404736
1.019261
1.023027
0.9438955
0.9645787
0.9418018
0.9549084
1.055639
1.020357
0.9938692
0.9623055
0.9505677
1.110099
1.08035
1.009365
1.001819
0.9309508
0.965014
1.033201
0.9614893
0.9391333
1.005327
1.008413
0.9707768
0.9838343
0.9894669
0.9972696
0.9625709
1.030243
0.9778606
1.000726
0.9627643
0.9772215
0.996293
0.9825457
0.9638702
1.008582
0.9829659
0.9443082
1.002854
0.9715419
0.9836802
1.018269
0.9454903
0.9470046
0.9448411
0.9478613
1.022889
1.042541
1.016944
0.9715729
0.9655239
1.034289
1.08392
1.018008
1.020123
0.9394515
0.9893279
1.039754
0.983743
0.9567574
1.016555
1.018805
0.9773542
0.9881799
1.008932
1.030143
0.9802876
1.045017
0.9961046
1.023089
0.9774885
0.9894364
1.021478
0.9909121
0.9859815
1.016179
1.000569
0.9685059
1.012226
0.9882703
0.9986277
1.028839
0.9689493
0.9789235
0.9646894
0.9647899
1.032059
1.051615
1.017192
0.9968607
0.9812036
1.05497
1.14544
1.057932
0.938238
0.8396156
0.8670509
1.040073
1.410114
0.8844736
1.020164
0.8826111
0.9191982
0.9089141
1.031248
0.9597225
0.9661092
1.025083
0.8200837
0.9584414
0.979399
1.061313
0.9725519
0.9453319
0.8887323
1.033969
0.960143
1.00325
0.9658681
0.8910484
1.015506
1.01671
0.9894288
1.116524
0.9298903
0.870949
1.064502
1.045201
0.9895806
0.9375035
0.9465676
0.9976678
1.050646
0.9951706
0.9594598
0.8863781
0.9022097
1.030397
0.9193383
0.933678
1.027618
0.9948417
0.9718871
0.9976519
1.008262
0.985709
0.9980177
1.039614
0.91814
0.9890784
0.9183493
0.9512513
1.098801
1.021871
0.9400479
0.9881101
0.9789554
0.9854809
1.069657
0.9234559
1.033323
1.009246
0.948517
0.9602929
0.9875321
0.9623879
1.071256
1.036487
0.9866276
0.9817472
0.9209688
1.06368
1.037929
0.9899084
0.9709086
0.8820828
0.9061933
1.049781
0.9187636
0.9281713
1.044251
0.9771764
0.9639849
0.9889204
1.012379
1.002323
0.9923153
1.027801
0.9190691
0.9979155
0.9186662
0.9478757
1.116291
1.023036
0.9374007
0.9942011
0.9650139
0.9793775
1.053086
0.9172786
1.042189
1.014861
0.9405546
0.9647956
0.9811336
0.966495
1.079977
1.027372
0.9771583
0.9733914
0.919047
1.090377
1.059383
1.002631
0.9908167
0.9314713
0.9515615
1.021263
0.9683462
0.9330515
1.009578
1.007111
0.9700714
0.9980828
0.9894208
0.9824062
0.967683
1.019407
0.9572274
1.006151
0.9516619
0.9854273
1.0081
0.9981756
0.9648455
1.002514
0.9727782
0.9346675
1.02353
0.9694121
1.005607
1.016342
0.9411538
0.9638757
0.9572336
0.9615746
1.045008
1.035221
1.012543
0.9806272
0.9551597
1.031002
1.061654
1.016855
1.012622
0.9404969
0.9717785
1.039209
0.9841841
0.950763
1.025271
1.012597
0.9777414
1.002435
1.013506
1.025089
0.9832777
1.031161
0.9746706
1.032539
0.9660888
0.9940751
1.041146
1.00589
0.9867997
1.011163
0.9907082
0.9629097
1.027502
0.985023
1.013178
1.033237
0.9650077
0.9882356
0.9744615
0.975255
1.052454
1.043061
1.010165
0.9965643
0.9697412
1.055404
1.049743
0.9610233
0.9459002
0.8246602
0.864256
1.030272
0.9027313
0.9790258
1.08886
0.9372688
0.9513175
1.1816
1.045262
0.9714215
1.068061
0.9944672
0.814966
0.9612367
0.8676158
0.890014
1.117324
1.146831
0.8585793
0.8813425
0.9405741
1.071486
1.1148
0.8819539
1.083875
1.00607
0.9654398
0.9432079
0.9101613
0.9680486
1.07398
1.088869
1.088152
0.9995169
0.8647634
0.9890033
1.013778
0.9835738
0.9634951
0.9062054
0.9034343
1.05098
0.9080032
0.9206184
1.067848
0.9885998
0.9583238
1.006122
0.9899473
0.9776134
0.9757881
1.029681
0.9037765
0.9906045
0.9222628
0.9277483
1.145737
1.050985
0.9574834
0.9953282
0.9473013
0.961663
1.063505
0.9181029
1.033825
1.060874
0.9270909
0.9438709
1.00629
0.9854406
1.071592
1.017471
0.9811048
0.9968022
0.9151405
1.063
0.9844707
0.9769924
0.9640606
0.8943927
0.9033284
1.073253
0.9042852
0.9157125
1.082114
0.9732584
0.9636781
1.007971
0.9964806
0.9923101
0.9785224
1.037268
0.9006736
0.9921883
0.913533
0.9409582
1.163596
1.064319
0.9506564
0.9838641
0.9330605
0.9620888
1.053361
0.9077263
1.049251
1.057681
0.9298002
0.9535047
1.005311
0.9793792
1.07606
1.013764
0.9673883
0.9673496
0.9151907
1.089382
1.06058
0.9993456
0.9826463
0.936334
0.9435448
1.028731
0.9635201
0.9352729
1.004985
1.006118
0.9690425
1.00301
0.9861285
0.9775652
0.9772325
1.004852
0.9409006
1.00875
0.9483444
0.9863032
1.04489
1.008132
0.9607728
0.998255
0.9640114
0.938824
1.021866
0.9612295
1.003698
1.026008
0.9329863
0.9670298
0.9659758
0.9671857
1.050232
1.028439
1.01873
0.9804324
0.9461267
1.030736
1.055553
1.012081
1.010114
0.9486193
0.9652589
1.047401
0.974777
0.9483694
1.026129
1.009635
0.9741074
1.007538
1.009404
1.017259
0.9941348
1.018605
0.9599889
1.041708
0.9579658
0.9944687
1.075542
1.02211
0.9879364
1.010371
0.9836448
0.9579871
1.020758
0.974903
1.023625
1.034353
0.9565518
0.9887064
0.9847313
0.9760908
1.061525
1.040411
1.009976
1.001796
0.96435
1.047024
1.049229
1.034727
0.9796225
0.9072521
0.8420151
1.124789
0.8741258
0.9254521
1.08366
0.9840911
0.9268796
0.9693668
0.9184528
0.9296843
0.956135
1.036647
0.9578488
1.013976
0.919084
0.9607977
1.093058
1.08511
1.01958
0.9319022
0.8641455
0.9756264
1.143185
0.8857056
0.9304433
1.163278
0.902362
0.9125057
0.9448293
0.9886702
1.020038
0.9938942
1.111424
0.9202839
1.016778
1.071638
0.9901403
0.9948623
0.9638576
0.9021533
0.8977669
1.103486
0.925822
0.918176
1.0364
0.9898964
0.9528608
1.00325
0.9806709
0.9871982
0.9627244
0.9930196
0.8660497
0.9886736
0.9085344
0.9240037
1.231307
1.091875
0.9396315
0.9893693
0.9626118
0.9321167
1.055079
0.9122122
1.045375
1.038882
0.9021251
0.9360966
1.019249
0.9800621
1.085913
1.009139
0.9721319
1.00251
0.913557
1.087986
0.9673199
0.9839224
0.9663103
0.8904814
0.9015462
1.107234
0.9143106
0.9084516
1.060424
0.9809535
0.9508551
1.004643
0.987695
0.9945034
0.9577931
1.006678
0.8730252
0.9830075
0.89206
0.9202366
1.254825
1.108472
0.9349039
0.9789416
0.9504539
0.9273016
1.067582
0.9042301
1.063023
1.044912
0.9041606
0.9448717
1.01457
0.9839045
1.091711
1.018419
0.9568647
0.9737731
0.9058729
1.096918
1.062301
0.9977028
0.9750385
0.9350005
0.9419181
1.044269
0.9517545
0.9404306
0.9943288
1.004924
0.9632137
1.001098
0.9823968
0.9813066
0.9788141
0.9902444
0.9287328
1.009816
0.9536128
0.9761233
1.072277
1.024326
0.9587579
0.9976746
0.9655009
0.9288203
1.013355
0.954473
1.008405
1.033782
0.919391
0.9622274
0.971619
0.969896
1.054699
1.020639
1.021466
0.9896185
0.9473862
1.044919
1.053754
1.00729
0.9969171
0.9490476
0.9621379
1.057243
0.9618616
0.9582063
1.019713
1.008719
0.9697722
1.012661
1.007376
1.018638
0.9895673
1.009958
0.9517963
1.035765
0.9640582
0.9900858
1.09785
1.041087
0.9841242
1.007933
0.9852924
0.9551582
1.0146
0.9631177
1.023701
1.040596
0.9453098
0.9852315
0.9912712
0.9873625
1.058985
1.036081
1.018067
1.010507
0.9658593
1.052807
1.022291
0.9591167
0.9565018
0.8343529
0.8291348
1.065507
0.9442223
0.9086668
1.023657
0.9601215
0.8394856
1.070944
0.9818434
0.9648376
0.9311877
0.9681849
0.8082874
1.003765
0.8792768
0.875035
1.270038
1.123626
0.9358824
0.962768
0.9861817
0.8659
1.109692
0.9028476
1.120849
1.056083
0.8521798
0.8775257
0.9508668
0.9877603
1.154778
0.9648946
0.9757221
0.9141474
1.307102
1.098849
0.9879355
0.996154
0.967831
0.8923082
0.9093776
1.108184
0.9106714
0.9337053
1.008908
1.004573
0.9694098
1.000323
0.9679497
0.9898039
0.9664773
0.9733274
0.8720895
1.047864
0.8904532
0.930887
1.200301
1.094362
0.9051795
0.9743882
0.9621104
0.9260091
1.048301
0.9155681
1.048787
1.015143
0.8936332
0.9524404
1.033532
0.9945757
1.099444
0.9763563
1.00396
0.9968063
0.9035159
1.121471
0.9670454
0.9880741
0.9781413
0.8878633
0.9088344
1.105961
0.9073253
0.934261
1.018223
0.9998358
0.9624758
1.000092
0.9644229
0.9925585
0.9587382
0.9840386
0.8837672
1.045862
0.8816378
0.9195108
1.236961
1.093635
0.9007763
0.9628811
0.960907
0.9148745
1.064428
0.8995269
1.047706
1.025826
0.8989345
0.9570458
1.020219
1.00413
1.106439
0.9894148
0.9917338
0.9986044
0.8972821
1.12035
1.046193
0.9904107
0.9723027
0.9285483
0.9462442
1.057902
0.9487505
0.9452366
0.9951501
1.010056
0.961157
1.001988
0.9833644
0.9825637
0.9781173
0.9776906
0.9237794
1.024271
0.9490621
0.9645835
1.086014
1.035634
0.9564796
0.9878151
0.9655973
0.9297068
1.007407
0.9503776
1.023817
1.021381
0.9105504
0.9568637
0.9820944
0.9765015
1.052274
1.006846
1.023439
1.001034
0.9383737
1.067623
1.050138
0.9997161
0.992595
0.9408414
0.9645922
1.068684
0.9553931
0.9649789
1.016288
1.012361
0.9719468
1.013317
1.002634
1.022094
0.9897899
1.001032
0.9509238
1.038216
0.9645346
0.9887822
1.113699
1.054195
0.9785196
1.002822
0.9833946
0.9527652
1.009264
0.9605884
1.03133
1.033187
0.9364629
0.9740791
0.9942701
0.9936695
1.059985
1.030396
1.024874
1.020453
0.9630625
1.066397
1.152971
0.9702752
0.9818595
0.8452606
0.9244587
1.131192
0.8422258
0.8636844
0.972397
0.9377633
0.9861957
1.005365
0.9892126
1.063608
0.985645
0.9241182
0.88356
1.221681
0.8288955
0.8872016
1.152871
1.058501
0.8762205
1.010424
0.9471564
0.8811033
1.000003
0.9520722
1.112119
0.9656441
0.8873029
0.9465239
1.010704
0.9612516
1.134691
0.9404088
0.9385002
0.9352113
0.9941102
1.199206
1.039516
0.9890474
0.9805847
0.9155875
0.9057313
1.085085
0.927532
0.9446337
0.9850401
0.9985771
0.9819365
0.9929768
0.9803569
0.9735488
0.9812585
0.9481783
0.8805014
1.04285
0.9013472
0.9295069
1.166002
1.089579
0.9087637
0.9632103
0.9592443
0.9463945
1.063843
0.9229349
1.015907
1.025202
0.8840234
0.965754
1.029984
1.029392
1.048072
0.9834423
1.019827
1.011175
0.8964261
1.101659
1.013296
0.9828556
0.990945
0.9036002
0.8950626
1.102098
0.9236566
0.9473051
0.9944229
1.002007
0.980033
0.9959193
0.9765022
0.9896075
0.9785569
0.955422
0.8988189
1.055725
0.8911062
0.9142356
1.185132
1.095618
0.8942716
0.9393296
0.9729944
0.9266942
1.072482
0.9006289
1.011223
1.025235
0.8973936
0.9760534
1.019904
1.016697
1.070449
0.9830108
1.002292
1.023449
0.8895565
1.107445
1.049614
0.9830334
0.9760157
0.9321321
0.9473823
1.071357
0.9502465
0.9554586
0.9973767
1.013222
0.9735895
0.9987686
0.9768707
0.9869515
0.9865059
0.9677539
0.9191867
1.016808
0.9411992
0.9586304
1.076244
1.034814
0.9549192
0.9869312
0.9614953
0.9414518
1.00319
0.9503305
1.02182
1.020096
0.9097206
0.9576693
0.9784167
0.9850727
1.047185
1.001652
1.026614
1.006612
0.9310504
1.070074
1.053445
0.9957075
0.9930259
0.9433027
0.967066
1.079976
0.9519477
0.9708049
1.016944
1.014588
0.9806537
1.012674
0.9972383
1.021708
0.9917757
0.9898298
0.9440638
1.036867
0.9589887
0.9899623
1.107697
1.056866
0.9786733
1.000988
0.9776271
0.9575267
1.007152
0.9567736
1.031051
1.028205
0.9363036
0.9733229
0.9931782
0.995298
1.053898
1.023198
1.034699
1.028936
0.9557611
1.073328
1.130514
0.9265738
0.995468
0.9152926
0.9334047
1.088349
0.9525445
0.9314728
0.9985412
1.041744
0.9773063
0.9411868
0.8988655
0.9636308
1.063207
0.877503
0.8565332
1.019622
0.8436248
0.9306601
1.244063
1.073105
0.8569221
0.958673
0.9624262
0.9044677
1.03486
0.9278294
0.9441856
1.074672
0.8579139
1.083964
0.9454764
1.051489
1.042119
1.018236
1.012878
1.103735
0.925218
1.040926
1.01021
0.987573
0.9655333
0.9166826
0.9060531
1.114146
0.9142292
0.9540929
0.9744866
1.001668
0.9721733
0.9839699
0.9713742
0.9753494
0.9790023
0.93402
0.861703
1.049869
0.8995758
0.9418443
1.160976
1.1105
0.9068583
0.9598925
0.9688097
0.9703471
1.044327
0.9321579
1.031193
1.024323
0.8850259
0.9489838
1.033179
0.9960519
1.055277
0.9707732
1.063251
1.021684
0.8999863
1.108585
0.9847974
0.9728079
0.9634987
0.9113593
0.8858603
1.102837
0.9104336
0.9535415
0.9901111
1.002927
0.9580975
1.001254
0.9812691
0.9761248
0.9716646
0.9339408
0.8771673
1.067368
0.8858676
0.9253505
1.187914
1.131363
0.8925653
0.9425666
0.9688677
0.9606571
1.055002
0.9176226
1.035176
1.025741
0.8966404
0.9545702
1.036151
1.006791
1.064711
0.9850746
1.0492
1.023145
0.8934519
1.108206
1.038492
0.9809718
0.9710041
0.9405068
0.9427058
1.086576
0.9440345
0.9598374
0.9994174
1.018852
0.9803168
1.005193
0.9662218
0.9792706
0.9873604
0.9573196
0.9168513
1.011365
0.9460601
0.9630622
1.065761
1.038321
0.953732
0.9902366
0.9554637
0.9524272
0.9913771
0.9550805
1.027061
1.023033
0.9149501
0.9494033
0.9834877
0.9710174
1.04268
0.9985014
1.043754
1.014073
0.9295662
1.071162
1.051552
0.9957116
0.9880805
0.9468402
0.962001
1.088813
0.947985
0.9731414
1.012856
1.016052
0.9878005
1.015422
0.9901583
1.01897
0.9933478
0.9817218
0.9404892
1.035347
0.9594409
0.9941551
1.10344
1.06455
0.9776416
1.00085
0.9724985
0.9698297
1.002883
0.9595141
1.032286
1.029118
0.940079
0.9687965
0.9941343
0.9885822
1.049982
1.024661
1.04372
1.03915
0.952962
1.070293
1.009822
0.9647977
0.9977239
0.8876647
0.8943574
1.094895
0.8862281
0.954701
0.975427
1.000478
1.010907
0.99135
1.067624
0.9557963
0.984565
0.9163557
0.8921498
1.00009
0.8718691
0.8835975
1.269292
1.164298
0.8420914
0.9279547
1.147115
0.9093003
0.9545887
0.9868037
0.9978085
1.025772
0.828687
0.9142489
0.9975898
0.9514691
1.084637
0.9871921
1.076937
0.9728524
0.9847451
1.07289
1.002217
0.98434
0.9731281
0.9373921
0.9070016
1.170458
0.9115683
0.9664932
0.9815338
1.028651
0.9731166
0.9724273
0.9658972
0.970378
0.9840519
0.92753
0.8629009
1.075285
0.9167397
0.9637731
1.099188
1.108131
0.9054431
0.961816
0.9425226
0.9640689
1.01198
0.9350738
1.034819
1.050258
0.8794933
0.9202597
1.056535
0.9604253
1.056555
1.005634
1.011186
1.013605
0.9081734
1.105847
0.9749977
0.9741865
0.9686389
0.9266992
0.8891641
1.159827
0.9044923
0.9696942
0.9864564
1.029286
0.9601141
0.9821723
0.9744364
0.9738874
0.9694217
0.9272717
0.8705904
1.105077
0.9006023
0.9534157
1.13628
1.128535
0.8827555
0.933399
0.9566784
0.9501314
1.026252
0.9182131
1.041067
1.04964
0.8809595
0.9309136
1.073255
0.9710308
1.067331
1.004892
1.010929
1.014782
0.9015453
1.107638
1.027833
0.9768546
0.9753929
0.9443448
0.9426863
1.097329
0.9472756
0.9540015
1.005403
1.027475
0.9838097
1.001216
0.9627958
0.9811621
0.9903043
0.9481961
0.9166962
1.009784
0.9454283
0.9610482
1.065356
1.040903
0.9495437
0.9904033
0.9531773
0.9565142
0.9821504
0.9558362
1.032946
1.025047
0.9162251
0.947145
0.9816176
0.9706503
1.035786
1.001755
1.049684
1.013191
0.9326782
1.065915
1.050364
0.9920112
0.9930881
0.9488057
0.9631036
1.097697
0.9514743
0.9711517
1.01066
1.023293
0.9887509
1.014382
0.9867797
1.019009
1.000876
0.9739288
0.9374964
1.03259
0.9597362
0.9918677
1.099588
1.059362
0.9762158
1.005598
0.9725637
0.9718601
0.997009
0.9586477
1.033324
1.032727
0.9411225
0.9636444
0.9918818
0.9859538
1.056985
1.024283
1.046538
1.03853
0.9558701
1.067517
0.9632795
1.016021
0.9255161
0.8844965
0.8480898
1.167711
0.883676
1.002885
0.9961039
1.26418
1.015741
0.9429318
0.9753958
0.9719974
0.997973
0.9419127
0.8027084
1.122357
0.9803808
0.9414566
1.124053
1.137723
0.8598164
0.8628127
0.8834142
0.9106862
0.9331893
0.9013163
1.008296
1.355479
0.7767268
0.9065485
0.9644493
0.8841198
1.107777
1.114965
0.9282133
0.9551992
0.8730828
1.075548
1.014118
0.9968985
0.9746628
0.9464846
0.9220199
1.124631
0.9584123
0.941816
0.9934959
1.03372
0.9676786
0.9900039
0.9652907
0.9783413
0.9970724
0.903234
0.8777103
1.056888
0.9199566
0.9497836
1.091706
1.096319
0.9144807
0.9937957
0.924167
0.9644229
1.0001
0.925252
1.040455
1.043999
0.9024041
0.9204311
1.021461
0.9757515
1.046897
1.004408
1.002421
1.025079
0.910542
1.107763
0.9889316
0.9916896
0.9765487
0.9338605
0.9029341
1.132164
0.938813
0.9437785
1.001957
1.033005
0.9568851
0.9857109
0.9738302
0.9741119
0.9814389
0.903814
0.8793244
1.080161
0.8976402
0.9524959
1.115628
1.114228
0.8923234
0.9617272
0.9441872
0.9558641
1.023352
0.9214611
1.042847
1.041216
0.9096653
0.9258922
1.034436
0.975526
1.063987
1.00805
1.00151
1.029819
0.9083426
1.109477
1.028342
0.9746987
0.9798404
0.9531335
0.9462063
1.097075
0.9636098
0.9528526
1.003023
1.03006
0.9796066
1.00648
0.9563022
0.9776616
0.9875161
0.9445722
0.9160768
1.010182
0.9472802
0.9643176
1.055389
1.042728
0.9504142
0.9999177
0.942863
0.9561221
0.9794659
0.943242
1.034821
1.02603
0.9217706
0.9434233
0.9741884
0.9693507
1.032493
1.00259
1.048745
1.018249
0.9361002
1.068715
1.05592
0.9908341
0.9947022
0.9559041
0.9653404
1.101718
0.9614318
0.9716896
1.009257
1.026591
0.9842309
1.018317
0.9820974
1.016626
1.003329
0.9692695
0.9364989
1.02668
0.957187
0.9938028
1.089062
1.063762
0.977894
1.011214
0.9661447
0.9707285
0.9900233
0.9533902
1.040954
1.032501
0.947524
0.9614534
0.9879512
0.9867257
1.050099
1.027209
1.043854
1.047312
0.9536459
1.071249
0.9409539
0.8974977
0.9508426
1.006971
0.8657332
1.111276
1.009615
0.9452639
1.031062
1.006839
0.8905714
0.9901683
1.016502
1.157975
1.025297
0.8713487
0.8092691
1.090608
1.107625
0.8808799
1.111911
1.097993
0.9002705
0.9511761
0.8767518
0.8964081
1.007639
0.9122558
1.114215
1.098387
0.8758772
0.9149669
0.9681583
0.992945
1.029908
1.128182
0.9726316
0.9534909
0.893213
1.035505
1.027401
0.9842656
0.9700496
0.9648547
0.9204122
1.132035
0.9588035
0.9501784
0.9753321
1.032955
0.9642857
1.024521
0.950761
0.9835477
0.991963
0.9147882
0.8955268
1.004012
0.9367078
0.9513499
1.116259
1.086838
0.9347786
0.9912501
0.9306629
0.9580123
1.000917
0.916483
1.029213
1.025176
0.9094925
0.9090923
1.015615
0.9857464
1.038093
1.015737
1.012562
1.027079
0.9213319
1.074904
1.003517
0.9922948
0.9796159
0.9495034
0.9070524
1.118705
0.9488352
0.951469
0.9935072
1.046425
0.9670428
1.019457
0.9662194
0.9734463
0.9727414
0.9115946
0.9028805
1.040156
0.920548
0.9499698
1.134951
1.099888
0.9154752
0.9675531
0.9390293
0.9496717
1.002093
0.9167473
1.032789
1.009885
0.9163316
0.9181678
1.011421
0.9784882
1.044814
1.019058
1.00418
1.044034
0.9202477
1.086129
1.033282
0.9742476
0.9796426
0.9559612
0.9496281
1.092175
0.9742014
0.9541644
1.001358
1.028155
0.982925
1.011777
0.9535564
0.9749252
0.9820099
0.9467148
0.9237705
1.00591
0.9490814
0.9616996
1.063849
1.041811
0.9488048
1.010362
0.9328706
0.9508278
0.9796361
0.9431711
1.035587
1.025313
0.9259122
0.9403541
0.9726433
0.963532
1.024204
1.007371
1.046816
1.01536
0.9384347
1.064346
1.061827
0.9918616
1.002028
0.9533734
0.9713196
1.097929
0.9680859
0.9705948
1.006924
1.029412
0.986355
1.02248
0.9800378
1.012044
1.000476
0.9723666
0.9445617
1.01902
0.9584924
0.9901678
1.09094
1.058778
0.9770024
1.018294
0.9576903
0.9684669
0.9946597
0.9542366
1.045215
1.025531
0.947317
0.9573314
0.9876065
0.9782658
1.041261
1.030874
1.041852
1.046808
0.9590772
1.070979
1.018247
0.9133614
0.9343007
0.9118812
0.9238296
1.103246
0.9922117
1.098831
0.9629949
1.03665
0.9685434
1.076697
0.9180973
1.026108
1.025313
0.8708896
0.9052496
1.087328
1.016032
0.9032694
1.170462
1.032542
0.9324604
1.036088
0.9050413
0.913397
0.9785185
0.8781526
0.9975484
1.115782
0.884958
0.8914117
1.003185
0.987459
0.975217
1.034764
0.9632485
0.9872878
0.9770613
1.033122
1.022939
0.9877287
0.9785159
0.9688712
0.9357105
1.094404
0.9709885
0.9709328
0.9936361
1.053806
0.9804587
1.036584
0.9670866
0.9803938
0.9815471
0.9293471
0.8977163
0.9845911
0.9416142
0.962468
1.097861
1.075994
0.9563823
1.015977
0.9110808
0.9431879
0.9660001
0.9555609
1.019883
0.9982576
0.9138619
0.9108953
0.9844576
1.007017
1.030104
1.004357
0.9881425
1.034079
0.9103359
1.082692
1.016314
0.9838333
0.9758489
0.9503798
0.9160392
1.08856
0.9554996
0.9694878
0.9936454
1.051686
0.9790123
1.033499
0.9794003
0.9705731
0.975206
0.9257783
0.9023341
1.018228
0.9261673
0.9537724
1.110153
1.085349
0.9457188
1.001973
0.9209346
0.9340949
0.9640128
0.9297168
1.023593
0.9952328
0.9209321
0.9213217
0.9873348
1.008008
1.042895
1.018583
0.9864507
1.059889
0.9245633
1.092256
1.039209
0.9761466
0.9818358
0.952387
0.9598343
1.086702
0.9813484
0.9586766
1.006533
1.019535
0.9840925
1.018219
0.9608697
0.972225
0.9790183
0.9489684
0.9322888
1.004218
0.95542
0.9639244
1.056267
1.038279
0.9462714
1.02205
0.9287349
0.943832
0.9706765
0.9449658
1.032529
1.018135
0.9246204
0.9279541
0.9637113
0.9680198
1.027094
1.006857
1.042807
1.013939
0.9418928
1.06754
1.063939
0.9887145
1.004389
0.9510082
0.9824361
1.091522
0.9752565
0.9777446
1.012536
1.021783
0.9888602
1.030539
0.984882
1.010542
0.9992568
0.9728516
0.9555981
1.018458
0.9664528
0.9934543
1.084038
1.04932
0.9721632
1.025555
0.9512573
0.9675877
0.9875443
0.9573165
1.046171
1.023641
0.9474248
0.947052
0.9849203
0.9827716
1.03737
1.029933
1.036299
1.042029
0.9592966
1.067287
1.034764
0.9185408
0.9403076
0.9136314
0.949882
1.04216
0.9639843
1.037877
0.9442075
0.962599
0.9729555
1.122791
0.9754704
0.9429105
0.9709135
0.9605196
0.9105986
1.059032
0.962007
0.9596635
1.077841
1.049637
0.9133502
1.063168
0.8616755
0.9032063
0.965014
0.9767736
1.00965
1.016807
0.9411403
0.9259375
0.9949284
1.21184
0.9990321
0.9942352
0.9801911
1.013698
0.9450577
1.023956
1.041199
0.9654191
0.975607
0.9536628
0.9764776
1.067147
0.9662387
1.010775
0.9923253
1.034123
0.9781722
1.048986
0.9651993
0.9656501
0.9904956
0.9522114
0.886888
0.9912873
0.9456171
0.9567519
1.062479
1.050284
0.9633327
1.024845
0.905798
0.9581048
0.9500576
0.9272202
1.03334
0.9938805
0.908668
0.9256855
0.9989599
1.014258
1.009123
1.004893
0.9675677
1.020057
0.931502
1.133265
1.036942
0.9632118
0.9799978
0.960026
0.9739591
1.052655
0.9449343
0.9911485
0.9876471
1.027176
0.9784771
1.048637
0.9690275
0.9512964
0.9809752
0.9482616
0.8877984
1.014133
0.9360223
0.9391551
1.07955
1.0604
0.9535533
1.009685
0.913982
0.943588
0.9590147
0.9123542
1.045903
0.9935283
0.9187977
0.9277557
0.9963226
1.027885
1.009193
1.028769
0.9643609
1.041611
0.9336591
1.148783
1.033425
0.9690266
0.9869953
0.9520397
0.9650513
1.076667
0.9848306
0.9709353
1.002436
1.016697
0.9915425
1.015425
0.9672776
0.9749517
0.9829774
0.9593896
0.9359939
1.001578
0.9517879
0.9738032
1.043983
1.028898
0.9405814
1.030741
0.9248073
0.9478588
0.9684497
0.9425195
1.024086
1.009369
0.9298911
0.9327574
0.9755268
0.9775743
1.020213
0.9978367
1.028468
1.015875
0.945937
1.074471
1.057545
0.9791525
1.011445
0.952633
0.9905014
1.080639
0.978138
0.990265
1.008625
1.018283
0.9863699
1.026096
0.9915077
1.014994
1.001251
0.9819461
0.9603106
1.018455
0.9626931
0.9965563
1.073349
1.040621
0.9684791
1.031799
0.9471605
0.9697825
0.9834967
0.9564702
1.039558
1.017098
0.9501061
0.9513408
0.9907315
0.9930078
1.028964
1.030645
1.029301
1.040273
0.9613941
1.073027
1.071006
0.9353684
0.9887444
0.9436894
1.024528
1.042518
0.9844228
1.081923
0.9906989
1.046718
0.9595407
1.011893
0.9258177
0.9200112
1.045547
0.9284946
0.9112033
1.000302
1.018429
0.9031569
1.08708
0.9935006
0.9238268
1.063885
0.8594305
0.9386832
0.9824201
0.8995954
1.007809
1.039915
0.8920726
0.866821
0.9564897
1.111384
0.9490282
1.00657
0.9526349
1.00401
1.059101
1.084127
1.02113
0.9468567
1.007932
0.9388736
0.987713
1.010189
0.9637178
1.022924
0.9664776
0.9770361
0.9509606
1.001506
0.9952134
0.964359
1.000844
0.9853627
0.9435385
0.9671664
0.9494184
0.9759654
1.045419
1.013901
0.9320363
1.062963
0.9126762
0.9615669
0.9392459
0.9323953
1.047709
1.004844
0.9309923
0.9647864
0.9933521
1.033347
0.9761229
0.9970021
0.9642028
1.00871
0.979295
1.175593
1.034386
0.9443229
1.022048
0.9502248
0.9884187
0.9937707
0.9328431
1.018104
0.9627146
0.9810783
0.9506887
1.006956
1.005023
0.9493647
0.9881328
0.9876319
0.9312607
0.9677272
0.9387863
0.9484665
1.050729
1.028383
0.9266589
1.052908
0.9132655
0.9451826
0.9306813
0.9227788
1.051012
1.010979
0.9237923
0.9698436
0.9899218
1.066022
0.9827406
1.019314
0.959132
1.025659
0.969766
1.198347
1.02647
0.9571006
0.99748
0.9603209
0.9693845
1.053846
0.9846751
0.9862938
1.000611
1.003627
0.9827719
1.009746
0.974175
0.9716527
0.9804456
0.977609
0.9548771
0.9975252
0.9609693
0.9641758
1.034845
1.011495
0.9407434
1.040891
0.9345565
0.9461821
0.9696177
0.9406523
1.012415
1.010393
0.9384212
0.943101
0.9824688
0.9779627
1.017081
0.9994245
1.017855
1.012014
0.9597173
1.075987
1.050787
0.9686611
1.019995
0.9576125
0.997325
1.054217
0.9752344
1.004017
1.008815
1.003298
0.9786143
1.025178
1.000504
1.014678
0.999126
1.001918
0.9724123
1.005835
0.9692947
0.9883821
1.062965
1.024002
0.9671631
1.038392
0.9559651
0.9694876
0.9842598
0.9586299
1.028525
1.020125
0.9520951
0.9615439
0.9937883
0.9998731
1.02668
1.037007
1.018432
1.027737
0.9691357
1.077694
1.092442
0.8549237
1.02662
0.8738734
0.9352707
1.048118
0.9769514
0.9720427
1.024957
0.9549037
0.9300614
0.9876255
1.043724
0.8741691
1.131824
1.029081
1.002794
0.9383965
0.9731191
1.022936
1.024741
1.040646
0.9039921
1.080239
0.8863646
0.8747941
0.9712027
0.8874875
0.9514751
1.058434
0.9434533
0.9080549
0.9356451
1.066661
1.025793
1.024942
0.9250534
0.9693084
0.9856108
1.21957
1.021836
0.9644849
1.011677
0.945536
0.9935105
0.9793109
0.9614674
1.01901
0.9449933
0.9672976
0.9292114
1.035654
0.9881371
0.9489071
0.9758047
1.026075
0.9713526
0.968737
0.9534928
0.9638137
1.040327
0.9752696
0.9103177
1.088341
0.9257278
0.9638708
0.9530431
0.9213392
1.016608
1.009292
0.9100001
0.9938359
1.006912
1.059075
0.9676327
0.9842072
0.9557646
0.9889772
0.986643
1.212014
1.039249
0.9635509
1.031712
0.9416221
1.003786
0.975971
0.9416184
1.020383
0.9385594
0.9654731
0.9320234
1.026094
1.003243
0.9347609
0.9804507
1.023428
0.9573066
0.9669715
0.9497531
0.9512072
1.050041
0.9787328
0.905827
1.093748
0.9282958
0.9575276
0.9428579
0.9151405
1.021847
1.003389
0.9008581
0.9867189
1.003174
1.080816
0.9565544
0.9964028
0.9532876
0.9934422
0.9796669
1.230493
1.012923
0.9563768
1.007965
0.9605092
0.9784409
1.037134
0.9736742
0.984355
0.9923362
0.9894217
0.9622719
1.009504
0.9832759
0.9760633
0.9774283
0.9987314
0.9718118
0.9997754
0.9786348
0.9599393
1.039721
0.9983354
0.9421184
1.038905
0.9459493
0.9416052
0.9696774
0.9374666
1.005743
1.011492
0.9407898
0.9586564
0.9874547
0.9910307
1.015495
0.9885997
1.004624
1.005461
0.969069
1.079719
1.042215
0.9636901
1.03283
0.9607943
1.001811
1.035752
0.9700388
1.002646
1.003907
0.9824946
0.9654725
1.029548
1.003176
1.014723
0.9959011
1.024045
0.9839972
1.005236
0.9850365
0.9851328
1.065236
1.010542
0.963681
1.038542
0.9615811
0.9658619
0.9878986
0.9585541
1.020085
1.017968
0.9523837
0.9783692
0.9966267
1.014206
1.025024
1.0228
1.003424
1.026411
0.9792932
1.094435
1.077937
0.984927
1.044875
0.9494761
1.022931
0.967398
0.935661
0.9733787
0.8786711
0.9520011
0.8805743
1.001591
0.9805638
0.8836172
0.9219825
1.161142
1.052673
0.9430865
0.958977
0.9432876
0.9806401
1.02197
0.8980059
1.143728
0.8976161
0.8922436
0.9258705
0.850233
0.9199344
0.9445328
0.8400174
1.09335
1.176761
1.053472
0.9049295
0.9720464
0.9981034
1.021639
1.040686
1.241495
1.012726
0.9369312
1.029828
0.9575078
1.000786
0.9692627
0.9776984
1.001091
0.9278071
0.9455141
0.9152318
1.05115
1.025235
0.9578931
0.9705552
1.091864
0.9927326
0.9704955
0.9658533
0.9335961
1.024873
0.9572555
0.9148273
1.099157
0.9386995
0.9365228
0.9774839
0.9166889
0.996345
1.005864
0.8947546
0.9944876
1.017623
1.099445
0.9590026
0.9758404
0.9437903
0.9709986
0.9442132
1.219199
1.026816
0.9437857
1.042792
0.9534124
1.013097
0.9617564
0.9596778
1.003137
0.9187757
0.9427392
0.9087513
1.054115
1.039806
0.9426418
0.9705172
1.09788
0.96652
0.9711929
0.9658521
0.9430003
1.013243
0.956504
0.9057379
1.122099
0.9298541
0.9255531
0.9701656
0.9032589
0.9980822
1.00656
0.8929321
0.9903638
1.016868
1.106763
0.9367796
0.9931207
0.9352738
0.96898
0.9501956
1.251788
1.003005
0.9469261
1.010569
0.9593083
0.9866825
1.024943
0.9765468
0.9768426
0.9821585
0.9729823
0.95484
1.016791
0.9851486
0.9818118
0.9764548
1.024866
0.9779384
1.000704
0.9860615
0.9523459
1.031845
0.9791564
0.948882
1.043749
0.9542013
0.9344345
0.974525
0.9418002
1.007308
1.017284
0.9348113
0.9628763
0.9888182
1.011609
1.016184
0.9905873
0.9908271
1.006519
0.9549978
1.09287
1.032916
0.9587375
1.042466
0.9634349
1.002458
1.019155
0.9683715
0.9993705
1.00128
0.9696196
0.960965
1.035314
1.009334
1.024082
0.99963
1.042206
0.9873107
1.002942
0.9951437
0.9782059
1.058982
0.9960023
0.9693812
1.055198
0.9654461
0.9639888
0.9859504
0.9644465
1.016086
1.027804
0.9475012
0.9783944
0.9969328
1.024008
1.023804
1.01456
0.9962377
1.028484
0.96702
1.097286
0.9849396
0.8452781
1.01151
0.9106268
0.9337644
1.033925
1.055585
0.9840516
0.8559126
0.8772845
0.9139889
1.070323
1.07336
0.9151968
0.9787898
1.110748
0.953939
0.94317
0.9501183
0.8862672
1.033992
0.9043815
0.8866127
1.046487
0.8642734
1.005226
1.048854
0.8555031
1.060295
1.033287
0.8500473
0.9561137
1.123484
1.160295
0.9668016
0.8958566
0.9413036
1.053162
0.9046766
1.393182
